<Phenotype>																					
taxa	data	data	data	data	data	data	data	data	data	data	data	data	data	data	data	data	data	data	data	data	data
Taxa	Latitude	Longitude	wc2.1_30s_bio_1	wc2.1_30s_bio_10	wc2.1_30s_bio_11	wc2.1_30s_bio_12	wc2.1_30s_bio_13	wc2.1_30s_bio_14	wc2.1_30s_bio_15	wc2.1_30s_bio_16	wc2.1_30s_bio_17	wc2.1_30s_bio_18	wc2.1_30s_bio_19	wc2.1_30s_bio_2	wc2.1_30s_bio_3	wc2.1_30s_bio_4	wc2.1_30s_bio_5	wc2.1_30s_bio_6	wc2.1_30s_bio_7	wc2.1_30s_bio_8	wc2.1_30s_bio_9
Amur	NA	NA	NA	NA	NA	NA	NA	NA	NA	NA	NA	NA	NA	NA	NA	NA	NA	NA	NA	NA	NA
Greenar	NA	NA	NA	NA	NA	NA	NA	NA	NA	NA	NA	NA	NA	NA	NA	NA	NA	NA	NA	NA	NA
Manska	NA	NA	NA	NA	NA	NA	NA	NA	NA	NA	NA	NA	NA	NA	NA	NA	NA	NA	NA	NA	NA
Nebraska50	NA	NA	NA	NA	NA	NA	NA	NA	NA	NA	NA	NA	NA	NA	NA	NA	NA	NA	NA	NA	NA
Oahe	NA	NA	NA	NA	NA	NA	NA	NA	NA	NA	NA	NA	NA	NA	NA	NA	NA	NA	NA	NA	NA
PI109219	40.77	32.17	8.41	17.03	-1.03	647.00	88.00	22.00	38.83	224.00	77.00	108.00	224.00	11.29	36.31	739.47	25.40	-5.70	31.10	-1.03	16.92
PI172688	40.14	43.12	7.95	19.80	-5.07	389.00	67.00	17.00	43.34	160.00	65.00	98.00	71.00	12.68	30.84	1014.61	29.30	-11.80	41.10	12.65	19.65
PI172689	39.94	44.08	11.50	22.92	-0.97	266.00	47.00	10.00	47.74	113.00	33.00	55.00	53.00	11.93	30.76	966.00	31.20	-7.60	38.80	16.28	22.53
PI173630	38.97	41.54	9.53	22.13	-3.82	675.00	100.00	7.00	58.89	268.00	27.00	27.00	225.00	12.44	29.62	1059.59	32.50	-9.50	42.00	1.70	22.13
PI204384	38.66	39.17	13.58	25.58	1.22	591.00	84.00	2.00	63.66	226.00	13.00	24.00	217.00	11.23	29.18	995.35	34.80	-3.70	38.50	6.78	25.58
PI204385	39.91	41.28	5.20	17.22	-7.63	475.00	75.00	18.00	41.99	186.00	65.00	90.00	92.00	12.01	29.87	1018.14	26.70	-13.50	40.20	9.68	17.17
PI204386	39.92	41.30	4.81	16.70	-7.93	486.00	75.00	18.00	42.21	190.00	65.00	65.00	95.00	11.91	29.77	1010.60	26.20	-13.80	40.00	9.22	16.70
PI204550	40.45	39.48	8.55	18.27	-1.93	507.00	75.00	14.00	42.75	194.00	52.00	84.00	123.00	11.36	33.11	829.79	26.90	-7.40	34.30	12.27	18.27
PI204854	40.97	35.67	10.47	18.93	1.48	502.00	58.00	17.00	31.15	161.00	67.00	87.00	143.00	10.15	34.88	713.58	26.20	-2.90	29.10	13.82	18.72
PI206259	39.69	34.64	11.34	20.75	1.33	425.00	50.00	10.00	39.75	140.00	41.00	60.00	140.00	12.80	37.32	786.87	29.60	-4.70	34.30	1.33	20.50
PI206618	40.78	43.45	6.24	17.68	-6.83	429.00	79.00	16.00	54.52	194.00	55.00	144.00	55.00	12.80	31.30	1001.84	27.30	-13.60	40.90	11.00	-6.83
PI206625	40.68	43.17	4.85	16.02	-7.97	454.00	80.00	18.00	50.70	196.00	61.00	114.00	61.00	13.00	31.94	979.96	25.80	-14.90	40.70	13.37	-7.97
PI208062	40.50	42.75	4.97	16.03	-7.68	466.00	78.00	20.00	45.87	194.00	67.00	107.00	67.00	13.58	33.05	969.84	26.30	-14.80	41.10	9.50	-7.68
PI210990	36.63	69.76	14.95	26.73	3.00	522.00	114.00	1.00	93.37	304.00	5.00	9.00	175.00	13.29	33.65	950.65	36.00	-3.50	39.50	9.18	25.47
PI210992	34.18	61.70	13.57	24.63	2.32	248.00	50.00	0.00	97.87	147.00	0.00	1.00	132.00	14.82	38.11	896.66	33.70	-5.20	38.90	3.80	23.23
PI212240	NA	NA	NA	NA	NA	NA	NA	NA	NA	NA	NA	NA	NA	NA	NA	NA	NA	NA	NA	NA	NA
PI220497	35.92	64.78	14.12	26.40	2.03	345.00	79.00	0.00	93.59	195.00	1.00	2.00	152.00	14.31	34.90	981.77	36.20	-4.80	41.00	8.02	24.53
PI220498	34.95	62.19	14.70	26.05	3.52	329.00	77.00	0.00	100.04	194.00	0.00	1.00	162.00	15.16	38.38	904.17	36.00	-3.50	39.50	4.77	24.47
PI222961	35.73	51.27	15.95	27.77	3.80	236.00	43.00	2.00	69.24	108.00	7.00	10.00	98.00	10.58	28.53	970.16	35.40	-1.70	37.10	5.28	26.95
PI223230	35.85	66.85	10.76	22.75	-1.30	251.00	54.00	0.00	87.69	144.00	3.00	4.00	87.00	13.14	33.35	962.50	31.50	-7.90	39.40	4.73	21.18
PI223668	38.37	47.18	7.15	17.87	-3.90	339.00	63.00	12.00	54.64	152.00	41.00	59.00	57.00	10.57	29.87	892.27	26.10	-9.30	35.40	5.80	17.72
PI228274	31.95	51.29	12.02	23.13	0.50	245.00	49.00	0.00	86.27	125.00	3.00	4.00	120.00	16.24	39.33	911.25	33.90	-7.40	41.30	1.88	22.33
PI228386	35.25	47.03	13.13	25.20	1.13	491.00	92.00	1.00	79.64	230.00	3.00	4.00	201.00	15.60	36.88	970.86	36.40	-5.90	42.30	2.40	24.77
PI229475	38.08	47.93	7.93	17.85	-2.72	317.00	59.00	10.00	52.66	141.00	35.00	44.00	63.00	12.00	33.52	842.19	27.00	-8.80	35.80	6.65	17.63
PI229576	32.02	50.75	9.88	21.03	-1.60	298.00	62.00	0.00	85.97	152.00	5.00	7.00	140.00	14.19	35.75	913.90	30.70	-9.00	39.70	-0.55	20.30
PI229577	32.02	50.75	9.88	21.03	-1.60	298.00	62.00	0.00	85.97	152.00	5.00	7.00	140.00	14.19	35.75	913.90	30.70	-9.00	39.70	-0.55	20.30
PI229916	35.95	52.11	-3.06	8.07	-13.88	357.00	64.00	4.00	68.90	188.00	31.00	52.00	80.00	11.13	30.90	903.59	16.10	-19.90	36.00	-4.97	4.03
PI229917	35.95	52.11	-3.06	8.07	-13.88	357.00	64.00	4.00	68.90	188.00	31.00	52.00	80.00	11.13	30.90	903.59	16.10	-19.90	36.00	-4.97	4.03
PI229918	35.70	51.42	16.77	28.42	4.92	253.00	43.00	2.00	70.08	118.00	7.00	10.00	111.00	9.79	27.43	949.95	35.50	-0.20	35.70	6.40	27.50
PI229919	35.95	52.11	-3.06	8.07	-13.88	357.00	64.00	4.00	68.90	188.00	31.00	52.00	80.00	11.13	30.90	903.59	16.10	-19.90	36.00	-4.97	4.03
PI229921	35.95	52.11	-3.06	8.07	-13.88	357.00	64.00	4.00	68.90	188.00	31.00	52.00	80.00	11.13	30.90	903.59	16.10	-19.90	36.00	-4.97	4.03
PI229928	35.72	52.53	9.40	21.67	-3.48	188.00	38.00	2.00	69.19	92.00	9.00	13.00	59.00	11.02	28.32	1015.20	29.70	-9.20	38.90	8.77	20.90
PI240129	38.08	46.29	12.38	24.70	-0.38	283.00	49.00	4.00	58.70	130.00	16.00	29.00	67.00	10.92	28.21	1019.13	32.80	-5.90	38.70	11.10	24.40
PI249145	NA	NA	NA	NA	NA	NA	NA	NA	NA	NA	NA	NA	NA	NA	NA	NA	NA	NA	NA	NA	NA
PI249146	NA	NA	NA	NA	NA	NA	NA	NA	NA	NA	NA	NA	NA	NA	NA	NA	NA	NA	NA	NA	NA
PI253430	45.55	13.73	14.34	23.02	6.12	977.00	110.00	52.00	22.24	314.00	181.00	240.00	199.00	7.09	27.92	688.63	28.20	2.80	25.40	14.98	6.95
PI255150	NA	NA	NA	NA	NA	NA	NA	NA	NA	NA	NA	NA	NA	NA	NA	NA	NA	NA	NA	NA	NA
PI273732	57.19	39.42	4.08	16.67	-8.47	599.00	84.00	27.00	34.25	220.00	91.00	220.00	108.00	8.48	23.50	1023.55	23.10	-13.00	36.10	16.67	-2.43
PI273733	51.73	36.19	6.16	18.23	-6.23	639.00	81.00	36.00	24.73	211.00	117.00	211.00	125.00	8.07	23.68	1007.48	24.00	-10.10	34.10	18.23	-5.08
PI273737	NA	NA	NA	NA	NA	NA	NA	NA	NA	NA	NA	NA	NA	NA	NA	NA	NA	NA	NA	NA	NA
PI286118	NA	NA	NA	NA	NA	NA	NA	NA	NA	NA	NA	NA	NA	NA	NA	NA	NA	NA	NA	NA	NA
PI297872	NA	NA	NA	NA	NA	NA	NA	NA	NA	NA	NA	NA	NA	NA	NA	NA	NA	NA	NA	NA	NA
PI297876	NA	NA	NA	NA	NA	NA	NA	NA	NA	NA	NA	NA	NA	NA	NA	NA	NA	NA	NA	NA	NA
PI314054	47.60	41.05	9.29	21.63	-3.35	505.00	56.00	30.00	20.63	157.00	100.00	146.00	121.00	8.91	24.68	1028.65	28.60	-7.50	36.10	19.90	-2.18
PI314140	NA	NA	NA	NA	NA	NA	NA	NA	NA	NA	NA	NA	NA	NA	NA	NA	NA	NA	NA	NA	NA
PI314189	41.78	70.26	7.25	18.15	-3.88	795.00	113.00	12.00	53.03	291.00	52.00	67.00	263.00	12.07	32.79	899.11	27.20	-9.60	36.80	0.92	17.63
PI314190	41.78	70.26	7.25	18.15	-3.88	795.00	113.00	12.00	53.03	291.00	52.00	67.00	263.00	12.07	32.79	899.11	27.20	-9.60	36.80	0.92	17.63
PI314191	41.78	70.26	7.25	18.15	-3.88	795.00	113.00	12.00	53.03	291.00	52.00	67.00	263.00	12.07	32.79	899.11	27.20	-9.60	36.80	0.92	17.63
PI314192	41.34	70.52	1.25	12.23	-9.95	610.00	88.00	17.00	42.26	235.00	66.00	66.00	159.00	12.36	32.18	929.00	22.20	-16.20	38.40	-0.55	12.23
PI314193	42.34	71.52	0.30	11.17	-11.32	531.00	72.00	22.00	35.12	195.00	79.00	109.00	119.00	14.21	34.82	954.69	21.80	-19.00	40.80	-1.43	11.13
PI314610	NA	NA	NA	NA	NA	NA	NA	NA	NA	NA	NA	NA	NA	NA	NA	NA	NA	NA	NA	NA	NA
PI315065	NA	NA	NA	NA	NA	NA	NA	NA	NA	NA	NA	NA	NA	NA	NA	NA	NA	NA	NA	NA	NA
PI315067	NA	NA	NA	NA	NA	NA	NA	NA	NA	NA	NA	NA	NA	NA	NA	NA	NA	NA	NA	NA	NA
PI315353	NA	NA	NA	NA	NA	NA	NA	NA	NA	NA	NA	NA	NA	NA	NA	NA	NA	NA	NA	NA	NA
PI315354	NA	NA	NA	NA	NA	NA	NA	NA	NA	NA	NA	NA	NA	NA	NA	NA	NA	NA	NA	NA	NA
PI315355	44.67	43.52	9.85	22.30	-2.55	460.00	70.00	19.00	40.45	179.00	63.00	173.00	66.00	10.31	27.64	1009.01	30.50	-6.80	37.30	19.88	-1.38
PI316122	NA	NA	NA	NA	NA	NA	NA	NA	NA	NA	NA	NA	NA	NA	NA	NA	NA	NA	NA	NA	NA
PI317404	35.21	62.33	15.35	26.98	4.15	338.00	83.00	0.00	100.99	202.00	2.00	2.00	165.00	15.21	38.12	921.06	37.20	-2.70	39.90	5.30	26.98
PI317406	34.62	63.25	4.46	15.62	-7.77	340.00	71.00	1.00	95.92	197.00	3.00	4.00	197.00	14.44	36.01	943.89	24.90	-15.20	40.10	-7.77	14.42
PI318923	NA	NA	NA	NA	NA	NA	NA	NA	NA	NA	NA	NA	NA	NA	NA	NA	NA	NA	NA	NA	NA
PI325183	44.67	43.52	9.85	22.30	-2.55	460.00	70.00	19.00	40.45	179.00	63.00	173.00	66.00	10.31	27.64	1009.01	30.50	-6.80	37.30	19.88	-1.38
PI325190	43.86	42.79	6.35	15.52	-3.03	653.00	107.00	20.00	57.27	290.00	65.00	281.00	65.00	9.57	32.13	759.91	21.40	-8.40	29.80	13.73	-3.03
PI325191	43.86	42.79	6.35	15.52	-3.03	653.00	107.00	20.00	57.27	290.00	65.00	281.00	65.00	9.57	32.13	759.91	21.40	-8.40	29.80	13.73	-3.03
PI326209	50.27	87.44	-5.82	8.03	-20.03	437.00	78.00	8.00	67.67	213.00	26.00	213.00	34.00	10.97	26.97	1149.34	14.90	-25.80	40.70	8.03	-18.20
PI340064	NA	NA	NA	NA	NA	NA	NA	NA	NA	NA	NA	NA	NA	NA	NA	NA	NA	NA	NA	NA	NA
PI343186	NA	NA	NA	NA	NA	NA	NA	NA	NA	NA	NA	NA	NA	NA	NA	NA	NA	NA	NA	NA	NA
PI345586	47.83	38.44	9.12	21.35	-3.52	526.00	60.00	32.00	21.33	165.00	106.00	160.00	136.00	8.78	23.91	1020.31	28.50	-8.20	36.70	18.98	16.52
PI369174	54.40	83.34	1.01	17.05	-15.70	450.00	64.00	15.00	41.36	179.00	58.00	179.00	75.00	9.47	20.85	1334.16	24.50	-20.90	45.40	17.05	-13.83
PI380630	38.47	45.67	12.18	24.18	-0.73	257.00	44.00	4.00	57.55	119.00	19.00	32.00	54.00	11.67	29.46	1010.23	32.70	-6.90	39.60	11.13	24.05
PI380631	37.97	46.30	10.28	22.47	-2.35	268.00	49.00	3.00	61.66	126.00	14.00	25.00	62.00	11.23	29.03	1009.80	30.80	-7.90	38.70	8.87	22.27
PI380632	38.48	47.07	10.79	21.67	-0.57	351.00	60.00	9.00	50.39	145.00	35.00	55.00	69.00	11.79	32.22	903.35	30.00	-6.60	36.60	9.92	21.32
PI380633	38.48	47.07	10.79	21.67	-0.57	351.00	60.00	9.00	50.39	145.00	35.00	55.00	69.00	11.79	32.22	903.35	30.00	-6.60	36.60	9.92	21.32
PI380634	38.33	47.87	3.22	13.52	-7.13	410.00	76.00	17.00	55.55	190.00	56.00	76.00	68.00	10.87	31.23	857.57	22.00	-12.80	34.80	1.10	13.42
PI380636	34.18	48.18	12.90	23.82	2.28	377.00	70.00	0.00	80.50	178.00	1.00	6.00	163.00	15.36	39.18	871.02	34.90	-4.30	39.20	3.13	23.38
PI380637	33.54	48.88	11.51	22.85	0.45	330.00	62.00	0.00	81.06	161.00	2.00	8.00	145.00	14.43	36.63	907.42	33.00	-6.40	39.40	1.30	22.37
PI380638	NA	NA	NA	NA	NA	NA	NA	NA	NA	NA	NA	NA	NA	NA	NA	NA	NA	NA	NA	NA	NA
PI380639	34.33	49.33	11.65	23.25	0.02	274.00	49.00	0.00	76.82	126.00	2.00	9.00	114.00	14.29	35.73	932.98	33.40	-6.60	40.00	1.20	22.63
PI380640	38.67	45.18	12.61	24.45	-0.08	246.00	43.00	4.00	55.23	110.00	19.00	32.00	52.00	12.19	31.10	992.88	33.20	-6.00	39.20	12.02	24.07
PI380641	38.00	46.59	9.35	21.27	-3.12	275.00	49.00	4.00	60.10	129.00	17.00	30.00	61.00	11.14	29.01	991.66	29.60	-8.80	38.40	8.10	21.05
PI380642	35.73	53.57	12.97	24.98	0.40	178.00	32.00	3.00	61.87	79.00	10.00	13.00	61.00	11.37	29.83	993.40	32.60	-5.50	38.10	6.75	24.12
PI380654	35.31	59.15	13.91	24.93	2.32	267.00	57.00	1.00	91.08	154.00	3.00	7.00	133.00	12.92	34.91	913.56	32.60	-4.40	37.00	3.73	23.87
PI383546	38.03	35.40	7.59	17.10	-2.47	466.00	60.00	7.00	49.54	177.00	30.00	49.00	149.00	12.49	36.21	800.01	26.60	-7.90	34.50	6.58	17.02
PI383547	37.97	34.68	10.86	20.32	1.07	355.00	52.00	6.00	51.29	142.00	22.00	43.00	98.00	12.43	36.76	783.82	29.10	-4.70	33.80	9.90	20.10
PI383548	37.56	34.51	9.92	19.58	0.10	355.00	52.00	5.00	52.79	146.00	20.00	39.00	105.00	13.63	38.60	792.62	29.30	-6.00	35.30	8.90	19.33
PI383550	39.81	32.75	10.52	20.55	0.08	397.00	53.00	9.00	42.40	136.00	37.00	54.00	130.00	12.02	35.03	831.91	29.10	-5.20	34.30	9.73	20.25
PI383551	38.39	39.67	14.07	26.22	1.72	667.00	94.00	2.00	69.00	271.00	11.00	19.00	270.00	11.53	29.88	1000.90	35.50	-3.10	38.60	6.97	26.15
PI383552	38.87	39.33	12.99	24.78	0.95	728.00	109.00	3.00	65.23	297.00	17.00	17.00	289.00	10.80	28.80	975.11	33.50	-4.00	37.50	3.20	24.78
PI383553	41.14	43.33	2.32	12.57	-8.58	709.00	103.00	37.00	36.18	270.00	121.00	176.00	121.00	10.63	31.00	868.21	20.20	-14.10	34.30	9.85	-8.58
PI383554	39.92	40.69	6.97	18.67	-6.02	499.00	75.00	14.00	45.47	196.00	48.00	48.00	115.00	12.13	29.89	1005.17	28.50	-12.10	40.60	6.13	18.67
PI383555	40.88	40.42	12.92	20.72	5.25	1325.00	173.00	72.00	28.48	460.00	239.00	277.00	357.00	7.90	32.11	643.25	25.70	1.10	24.60	10.37	11.22
PI383556	39.91	41.28	5.20	17.22	-7.63	475.00	75.00	18.00	41.99	186.00	65.00	90.00	92.00	12.01	29.87	1018.14	26.70	-13.50	40.20	9.68	17.17
PI383557	39.91	41.28	5.20	17.22	-7.63	475.00	75.00	18.00	41.99	186.00	65.00	90.00	92.00	12.01	29.87	1018.14	26.70	-13.50	40.20	9.68	17.17
PI383558	41.24	42.70	1.90	12.00	-8.87	835.00	101.00	52.00	22.62	276.00	161.00	209.00	173.00	11.23	32.16	857.83	20.20	-14.70	34.90	9.42	-8.23
PI383561	40.61	43.10	5.20	16.48	-7.87	456.00	79.00	19.00	49.04	195.00	64.00	150.00	64.00	13.25	31.93	995.16	26.40	-15.10	41.50	9.92	-7.87
PI383562	39.92	44.05	11.56	22.97	-0.88	273.00	48.00	10.00	47.88	117.00	35.00	59.00	53.00	12.02	30.99	964.43	31.30	-7.50	38.80	16.32	22.58
PI383563	39.92	44.05	11.56	22.97	-0.88	273.00	48.00	10.00	47.88	117.00	35.00	59.00	53.00	12.02	30.99	964.43	31.30	-7.50	38.80	16.32	22.58
PI383564	40.61	43.10	5.20	16.48	-7.87	456.00	79.00	19.00	49.04	195.00	64.00	150.00	64.00	13.25	31.93	995.16	26.40	-15.10	41.50	9.92	-7.87
PI383565	40.61	43.41	5.40	16.77	-7.35	445.00	81.00	17.00	52.25	197.00	59.00	104.00	59.00	12.49	31.07	985.23	26.40	-13.80	40.20	9.90	-7.35
PI383568	39.92	44.05	11.56	22.97	-0.88	273.00	48.00	10.00	47.88	117.00	35.00	59.00	53.00	12.02	30.99	964.43	31.30	-7.50	38.80	16.32	22.58
PI383569	40.62	43.10	5.01	16.22	-7.83	446.00	77.00	18.00	49.94	191.00	60.00	109.00	60.00	13.12	31.99	983.05	26.10	-14.90	41.00	9.62	-7.83
PI383570	38.09	30.83	10.40	19.48	1.50	565.00	83.00	12.00	48.54	225.00	44.00	64.00	225.00	9.59	32.85	738.10	26.70	-2.50	29.20	1.50	19.18
PI383571	39.68	32.84	10.70	20.68	0.23	399.00	54.00	8.00	42.70	139.00	37.00	54.00	128.00	11.97	35.01	829.97	29.30	-4.90	34.20	9.93	20.42
PI383573	38.70	34.93	11.15	20.48	1.23	377.00	50.00	5.00	45.99	137.00	27.00	46.00	114.00	12.60	37.39	780.91	29.40	-4.30	33.70	10.55	20.18
PI383574	39.51	39.94	5.71	17.05	-5.83	785.00	115.00	10.00	54.94	301.00	39.00	39.00	246.00	10.32	28.52	940.34	25.50	-10.70	36.20	3.90	17.05
PI383575	40.10	40.72	4.96	16.18	-7.27	539.00	83.00	18.00	43.22	209.00	64.00	64.00	114.00	11.72	30.28	959.54	25.60	-13.10	38.70	9.15	16.18
PI383576	40.62	43.41	5.30	16.67	-7.42	447.00	81.00	17.00	52.22	197.00	59.00	106.00	59.00	12.48	31.03	984.47	26.30	-13.90	40.20	9.78	-7.42
PI383577	39.63	44.04	9.46	21.15	-3.02	334.00	58.00	13.00	46.78	140.00	44.00	71.00	64.00	11.49	29.69	980.57	29.80	-8.90	38.70	13.78	20.97
PI383578	39.63	44.04	9.46	21.15	-3.02	334.00	58.00	13.00	46.78	140.00	44.00	71.00	64.00	11.49	29.69	980.57	29.80	-8.90	38.70	13.78	20.97
PI401014	41.45	31.88	11.60	19.00	4.35	849.00	114.00	54.00	27.20	289.00	164.00	164.00	276.00	7.78	32.81	607.36	24.10	0.40	23.70	6.00	19.00
PI401015	41.75	35.09	11.14	18.97	3.57	675.00	82.00	33.00	25.81	228.00	121.00	121.00	200.00	7.87	32.11	637.90	24.50	0.00	24.50	8.55	18.97
PI401016	41.02	41.72	8.07	17.57	-2.12	760.00	85.00	48.00	19.19	225.00	154.00	163.00	173.00	10.24	31.61	807.29	25.30	-7.10	32.40	11.68	-1.15
PI401017	40.61	43.10	5.20	16.48	-7.87	456.00	79.00	19.00	49.04	195.00	64.00	150.00	64.00	13.25	31.93	995.16	26.40	-15.10	41.50	9.92	-7.87
PI401018	40.61	43.10	5.20	16.48	-7.87	456.00	79.00	19.00	49.04	195.00	64.00	150.00	64.00	13.25	31.93	995.16	26.40	-15.10	41.50	9.92	-7.87
PI401019	39.94	32.79	11.23	21.47	0.92	388.00	50.00	10.00	39.89	129.00	38.00	57.00	125.00	12.42	35.89	836.86	30.10	-4.50	34.60	10.48	21.02
PI401020	39.78	30.51	11.00	20.38	1.33	435.00	55.00	11.00	39.29	143.00	44.00	69.00	143.00	11.64	36.38	774.70	28.50	-3.50	32.00	1.33	19.90
PI401021	39.78	30.51	11.00	20.38	1.33	435.00	55.00	11.00	39.29	143.00	44.00	69.00	143.00	11.64	36.38	774.70	28.50	-3.50	32.00	1.33	19.90
PI401023	45.15	39.58	11.16	21.95	0.07	773.00	84.00	50.00	17.64	236.00	163.00	197.00	210.00	9.36	28.44	889.90	28.50	-4.40	32.90	1.83	5.68
PI401121	36.65	51.41	15.90	24.43	7.90	1172.00	226.00	30.00	62.18	543.00	118.00	236.00	264.00	7.28	28.53	692.95	29.50	4.00	25.50	17.78	21.70
PI401125	32.59	51.96	15.84	26.85	4.62	136.00	27.00	0.00	80.51	69.00	2.00	3.00	65.00	14.88	37.75	898.30	36.60	-2.80	39.40	6.08	26.17
PI401126	34.31	47.07	14.22	25.50	3.13	512.00	99.00	1.00	81.70	242.00	3.00	4.00	219.00	15.40	38.12	906.86	36.80	-3.60	40.40	4.13	25.13
PI401127	35.32	47.00	12.95	24.97	1.05	529.00	97.00	1.00	78.65	244.00	3.00	5.00	212.00	15.12	36.25	965.79	35.90	-5.80	41.70	6.32	24.55
PI401129	35.87	47.61	10.38	22.42	-1.80	381.00	67.00	1.00	74.57	178.00	5.00	9.00	137.00	13.88	33.70	985.77	32.90	-8.30	41.20	3.37	22.02
PI401130	36.09	52.15	11.80	23.00	0.18	255.00	43.00	5.00	54.07	103.00	18.00	21.00	85.00	10.74	29.92	928.00	30.30	-5.60	35.90	5.72	22.47
PI401131	36.09	52.15	11.80	23.00	0.18	255.00	43.00	5.00	54.07	103.00	18.00	21.00	85.00	10.74	29.92	928.00	30.30	-5.60	35.90	5.72	22.47
PI401132	35.84	51.05	14.29	26.13	1.97	253.00	47.00	2.00	68.96	114.00	7.00	10.00	101.00	11.50	30.10	976.02	34.40	-3.80	38.20	3.47	25.42
PI401133	35.84	51.05	14.29	26.13	1.97	253.00	47.00	2.00	68.96	114.00	7.00	10.00	101.00	11.50	30.10	976.02	34.40	-3.80	38.20	3.47	25.42
PI401134	35.70	51.43	16.65	28.30	4.77	252.00	43.00	2.00	69.88	117.00	7.00	10.00	110.00	9.78	27.38	951.75	35.40	-0.30	35.70	6.25	27.40
PI401135	35.70	51.43	16.65	28.30	4.77	252.00	43.00	2.00	69.88	117.00	7.00	10.00	110.00	9.78	27.38	951.75	35.40	-0.30	35.70	6.25	27.40
PI401136	35.70	51.43	16.65	28.30	4.77	252.00	43.00	2.00	69.88	117.00	7.00	10.00	110.00	9.78	27.38	951.75	35.40	-0.30	35.70	6.25	27.40
PI401137	34.08	49.70	13.73	25.85	1.08	293.00	52.00	0.00	76.72	135.00	3.00	6.00	128.00	12.97	31.88	991.86	35.30	-5.40	40.70	2.85	25.08
PI401138	34.08	49.70	13.73	25.85	1.08	293.00	52.00	0.00	76.72	135.00	3.00	6.00	128.00	12.97	31.88	991.86	35.30	-5.40	40.70	2.85	25.08
PI401139	34.08	49.70	13.73	25.85	1.08	293.00	52.00	0.00	76.72	135.00	3.00	6.00	128.00	12.97	31.88	991.86	35.30	-5.40	40.70	2.85	25.08
PI401140	34.08	49.70	13.73	25.85	1.08	293.00	52.00	0.00	76.72	135.00	3.00	6.00	128.00	12.97	31.88	991.86	35.30	-5.40	40.70	2.85	25.08
PI401141	33.49	48.36	19.06	30.05	8.23	471.00	86.00	0.00	86.97	233.00	0.00	2.00	229.00	15.73	39.93	886.52	40.90	1.50	39.40	9.40	29.45
PI401142	33.49	48.36	19.06	30.05	8.23	471.00	86.00	0.00	86.97	233.00	0.00	2.00	229.00	15.73	39.93	886.52	40.90	1.50	39.40	9.40	29.45
PI401143	33.49	48.36	19.06	30.05	8.23	471.00	86.00	0.00	86.97	233.00	0.00	2.00	229.00	15.73	39.93	886.52	40.90	1.50	39.40	9.40	29.45
PI401145	35.76	51.96	11.54	23.65	-1.02	207.00	40.00	2.00	67.36	96.00	8.00	12.00	74.00	11.46	29.61	996.78	31.80	-6.90	38.70	5.08	22.93
PI401147	35.76	51.96	11.54	23.65	-1.02	207.00	40.00	2.00	67.36	96.00	8.00	12.00	74.00	11.46	29.61	996.78	31.80	-6.90	38.70	5.08	22.93
PI401149	37.15	54.88	17.63	27.30	8.08	367.00	59.00	6.00	54.70	154.00	22.00	34.00	133.00	11.12	35.40	801.53	34.10	2.70	31.40	8.47	27.23
PI401150	37.48	57.32	13.23	24.43	1.92	341.00	55.00	9.00	53.09	142.00	30.00	33.00	115.00	12.57	33.96	910.36	32.60	-4.40	37.00	7.40	23.60
PI401151	37.34	56.26	12.97	23.62	1.98	295.00	53.00	5.00	65.12	136.00	19.00	21.00	106.00	12.75	35.81	875.57	31.60	-4.00	35.60	7.18	23.03
PI401152	37.34	56.26	12.97	23.62	1.98	295.00	53.00	5.00	65.12	136.00	19.00	21.00	106.00	12.75	35.81	875.57	31.60	-4.00	35.60	7.18	23.03
PI401153	36.42	54.98	14.44	25.62	2.57	184.00	35.00	2.00	68.84	86.00	8.00	11.00	66.00	11.66	32.29	930.14	33.00	-3.10	36.10	14.20	24.77
PI401154	36.42	54.98	14.44	25.62	2.57	184.00	35.00	2.00	68.84	86.00	8.00	11.00	66.00	11.66	32.29	930.14	33.00	-3.10	36.10	14.20	24.77
PI401155	36.42	54.98	14.44	25.62	2.57	184.00	35.00	2.00	68.84	86.00	8.00	11.00	66.00	11.66	32.29	930.14	33.00	-3.10	36.10	14.20	24.77
PI401156	36.42	54.98	14.44	25.62	2.57	184.00	35.00	2.00	68.84	86.00	8.00	11.00	66.00	11.66	32.29	930.14	33.00	-3.10	36.10	14.20	24.77
PI401157	36.42	54.98	14.44	25.62	2.57	184.00	35.00	2.00	68.84	86.00	8.00	11.00	66.00	11.66	32.29	930.14	33.00	-3.10	36.10	14.20	24.77
PI401158	35.83	50.98	14.93	26.52	2.90	283.00	49.00	3.00	66.15	124.00	10.00	13.00	114.00	11.05	29.70	954.39	34.50	-2.70	37.20	4.37	25.80
PI401159	35.83	50.98	14.93	26.52	2.90	283.00	49.00	3.00	66.15	124.00	10.00	13.00	114.00	11.05	29.70	954.39	34.50	-2.70	37.20	4.37	25.80
PI401160	35.83	50.98	14.93	26.52	2.90	283.00	49.00	3.00	66.15	124.00	10.00	13.00	114.00	11.05	29.70	954.39	34.50	-2.70	37.20	4.37	25.80
PI401161	35.83	50.98	14.93	26.52	2.90	283.00	49.00	3.00	66.15	124.00	10.00	13.00	114.00	11.05	29.70	954.39	34.50	-2.70	37.20	4.37	25.80
PI401162	35.83	50.98	14.93	26.52	2.90	283.00	49.00	3.00	66.15	124.00	10.00	13.00	114.00	11.05	29.70	954.39	34.50	-2.70	37.20	4.37	25.80
PI401164	35.76	51.96	11.54	23.65	-1.02	207.00	40.00	2.00	67.36	96.00	8.00	12.00	74.00	11.46	29.61	996.78	31.80	-6.90	38.70	5.08	22.93
PI401165	35.57	53.40	18.04	30.33	5.28	239.00	34.00	5.00	50.94	96.00	19.00	19.00	90.00	11.28	29.46	1013.60	37.70	-0.60	38.30	6.93	30.33
PI401166	35.57	53.40	18.04	30.33	5.28	239.00	34.00	5.00	50.94	96.00	19.00	19.00	90.00	11.28	29.46	1013.60	37.70	-0.60	38.30	6.93	30.33
PI401167	38.07	46.30	12.33	24.65	-0.43	278.00	48.00	3.00	58.43	126.00	15.00	28.00	66.00	10.88	28.17	1018.78	32.70	-5.90	38.60	11.07	24.35
PI401168	38.55	44.95	11.79	23.00	-0.28	313.00	56.00	6.00	57.73	145.00	25.00	42.00	66.00	12.04	32.11	938.05	31.30	-6.20	37.50	11.37	22.57
PI401169	38.38	46.30	8.65	20.78	-4.10	304.00	52.00	5.00	57.33	140.00	22.00	22.00	63.00	10.89	28.14	1016.20	29.10	-9.60	38.70	7.05	20.78
PI401170	38.48	47.07	10.79	21.67	-0.57	351.00	60.00	9.00	50.39	145.00	35.00	55.00	69.00	11.79	32.22	903.35	30.00	-6.60	36.60	9.92	21.32
PI401171	38.48	47.07	10.79	21.67	-0.57	351.00	60.00	9.00	50.39	145.00	35.00	55.00	69.00	11.79	32.22	903.35	30.00	-6.60	36.60	9.92	21.32
PI401172	38.25	47.92	1.02	11.57	-9.43	453.00	83.00	18.00	55.96	210.00	61.00	61.00	108.00	10.63	30.38	870.46	20.10	-14.90	35.00	-1.70	11.57
PI401173	38.25	47.92	1.02	11.57	-9.43	453.00	83.00	18.00	55.96	210.00	61.00	61.00	108.00	10.63	30.38	870.46	20.10	-14.90	35.00	-1.70	11.57
PI401174	36.09	52.15	11.80	23.00	0.18	255.00	43.00	5.00	54.07	103.00	18.00	21.00	85.00	10.74	29.92	928.00	30.30	-5.60	35.90	5.72	22.47
PI401175	36.09	52.15	11.80	23.00	0.18	255.00	43.00	5.00	54.07	103.00	18.00	21.00	85.00	10.74	29.92	928.00	30.30	-5.60	35.90	5.72	22.47
PI401176	36.28	51.23	11.40	21.95	0.42	312.00	51.00	6.00	53.35	124.00	22.00	25.00	103.00	9.82	29.24	875.30	28.90	-4.70	33.60	5.47	21.53
PI401177	36.24	57.98	15.79	27.25	3.85	250.00	49.00	1.00	79.69	130.00	6.00	9.00	116.00	13.49	35.04	948.28	35.60	-2.90	38.50	5.35	26.32
PI401178	33.76	50.29	12.97	23.80	2.10	193.00	35.00	0.00	78.59	99.00	3.00	3.00	90.00	14.16	36.97	883.34	34.00	-4.30	38.30	3.18	23.80
PI401179	34.24	46.69	13.53	24.80	2.55	525.00	103.00	1.00	85.14	264.00	3.00	3.00	239.00	14.08	36.39	906.96	35.10	-3.60	38.70	3.30	24.80
PI401180	34.79	46.98	13.52	25.52	1.85	517.00	100.00	1.00	81.87	251.00	3.00	4.00	222.00	15.77	37.47	960.97	37.00	-5.10	42.10	2.75	25.17
PI401181	35.68	47.11	9.28	21.38	-2.95	444.00	83.00	1.00	76.62	207.00	4.00	7.00	166.00	14.26	34.19	992.25	32.30	-9.40	41.70	2.05	21.12
PI401182	35.68	47.11	9.28	21.38	-2.95	444.00	83.00	1.00	76.62	207.00	4.00	7.00	166.00	14.26	34.19	992.25	32.30	-9.40	41.70	2.05	21.12
PI401183	36.20	46.35	11.15	22.75	-1.08	533.00	96.00	1.00	77.01	244.00	5.00	8.00	209.00	14.85	36.04	963.40	33.80	-7.40	41.20	4.70	22.55
PI401185	36.31	49.06	11.27	21.90	0.32	303.00	55.00	3.00	71.33	142.00	11.00	14.00	102.00	14.17	37.78	876.66	31.70	-5.80	37.50	9.60	21.35
PI401186	36.31	49.06	11.27	21.90	0.32	303.00	55.00	3.00	71.33	142.00	11.00	14.00	102.00	14.17	37.78	876.66	31.70	-5.80	37.50	9.60	21.35
PI401187	36.59	49.99	14.77	24.87	4.78	456.00	67.00	10.00	55.55	173.00	31.00	31.00	159.00	12.20	35.88	822.99	33.50	-0.50	34.00	6.83	24.87
PI401188	36.59	49.99	14.77	24.87	4.78	456.00	67.00	10.00	55.55	173.00	31.00	31.00	159.00	12.20	35.88	822.99	33.50	-0.50	34.00	6.83	24.87
PI401189	36.06	51.24	5.06	16.95	-7.02	257.00	51.00	2.00	73.49	136.00	14.00	21.00	70.00	11.24	29.51	975.08	25.30	-12.80	38.10	3.53	16.48
PI401190	36.00	51.48	8.62	20.65	-3.97	241.00	47.00	2.00	68.75	116.00	10.00	15.00	75.00	11.18	29.12	996.80	28.80	-9.60	38.40	7.57	20.10
PI401191	36.14	51.47	1.67	13.48	-10.17	278.00	51.00	2.00	71.86	149.00	20.00	31.00	68.00	11.09	29.42	966.43	21.80	-15.90	37.70	0.03	13.07
PI401192	36.14	51.47	1.67	13.48	-10.17	278.00	51.00	2.00	71.86	149.00	20.00	31.00	68.00	11.09	29.42	966.43	21.80	-15.90	37.70	0.03	13.07
PI401193	35.89	51.86	7.38	19.97	-6.02	218.00	44.00	2.00	71.08	110.00	11.00	16.00	65.00	11.16	27.76	1053.73	28.30	-11.90	40.20	6.48	19.37
PI401194	33.68	48.68	12.04	23.12	1.28	342.00	63.00	0.00	80.64	165.00	2.00	9.00	150.00	14.83	38.03	884.43	33.50	-5.50	39.00	2.08	22.65
PI401195	33.68	48.68	12.04	23.12	1.28	342.00	63.00	0.00	80.64	165.00	2.00	9.00	150.00	14.83	38.03	884.43	33.50	-5.50	39.00	2.08	22.65
PI401196	33.04	48.83	16.83	28.03	5.58	389.00	70.00	0.00	89.01	200.00	2.00	4.00	198.00	14.25	36.63	913.64	37.90	-1.00	38.90	6.57	27.55
PI401197	32.62	48.88	21.61	32.83	9.92	425.00	86.00	0.00	99.04	243.00	0.00	1.00	243.00	14.71	37.33	937.54	42.90	3.50	39.40	9.92	32.37
PI401198	32.62	48.88	21.61	32.83	9.92	425.00	86.00	0.00	99.04	243.00	0.00	1.00	243.00	14.71	37.33	937.54	42.90	3.50	39.40	9.92	32.37
PI401199	33.24	48.70	14.02	25.15	3.10	375.00	69.00	0.00	84.51	188.00	2.00	6.00	177.00	14.10	36.62	896.06	34.90	-3.60	38.50	3.95	24.68
PI401200	33.24	48.70	14.02	25.15	3.10	375.00	69.00	0.00	84.51	188.00	2.00	6.00	177.00	14.10	36.62	896.06	34.90	-3.60	38.50	3.95	24.68
PI401201	33.24	48.70	14.02	25.15	3.10	375.00	69.00	0.00	84.51	188.00	2.00	6.00	177.00	14.10	36.62	896.06	34.90	-3.60	38.50	3.95	24.68
PI401202	33.24	48.70	14.02	25.15	3.10	375.00	69.00	0.00	84.51	188.00	2.00	6.00	177.00	14.10	36.62	896.06	34.90	-3.60	38.50	3.95	24.68
PI401203	33.24	48.70	14.02	25.15	3.10	375.00	69.00	0.00	84.51	188.00	2.00	6.00	177.00	14.10	36.62	896.06	34.90	-3.60	38.50	3.95	24.68
PI401204	33.24	48.70	14.02	25.15	3.10	375.00	69.00	0.00	84.51	188.00	2.00	6.00	177.00	14.10	36.62	896.06	34.90	-3.60	38.50	3.95	24.68
PI401205	34.62	50.88	17.63	29.10	5.75	220.00	39.00	1.00	75.19	108.00	3.00	5.00	103.00	11.95	31.87	943.55	37.60	0.10	37.50	7.32	28.48
PI401206	34.62	50.88	17.63	29.10	5.75	220.00	39.00	1.00	75.19	108.00	3.00	5.00	103.00	11.95	31.87	943.55	37.60	0.10	37.50	7.32	28.48
PI401207	34.62	50.88	17.63	29.10	5.75	220.00	39.00	1.00	75.19	108.00	3.00	5.00	103.00	11.95	31.87	943.55	37.60	0.10	37.50	7.32	28.48
PI401208	34.62	50.88	17.63	29.10	5.75	220.00	39.00	1.00	75.19	108.00	3.00	5.00	103.00	11.95	31.87	943.55	37.60	0.10	37.50	7.32	28.48
PI401209	34.62	50.88	17.63	29.10	5.75	220.00	39.00	1.00	75.19	108.00	3.00	5.00	103.00	11.95	31.87	943.55	37.60	0.10	37.50	7.32	28.48
PI401210	34.62	50.88	17.63	29.10	5.75	220.00	39.00	1.00	75.19	108.00	3.00	5.00	103.00	11.95	31.87	943.55	37.60	0.10	37.50	7.32	28.48
PI401211	34.62	50.88	17.63	29.10	5.75	220.00	39.00	1.00	75.19	108.00	3.00	5.00	103.00	11.95	31.87	943.55	37.60	0.10	37.50	7.32	28.48
PI401212	34.62	50.88	17.63	29.10	5.75	220.00	39.00	1.00	75.19	108.00	3.00	5.00	103.00	11.95	31.87	943.55	37.60	0.10	37.50	7.32	28.48
PI401213	33.95	49.06	10.77	22.28	-0.65	288.00	52.00	1.00	77.13	134.00	3.00	10.00	120.00	14.93	36.96	924.94	33.00	-7.40	40.40	0.33	21.80
PI401214	36.14	52.31	15.25	25.80	4.58	361.00	46.00	8.00	47.37	132.00	32.00	32.00	127.00	9.91	30.03	865.21	32.30	-0.70	33.00	10.72	25.80
PI401215	36.14	52.31	15.25	25.80	4.58	361.00	46.00	8.00	47.37	132.00	32.00	32.00	127.00	9.91	30.03	865.21	32.30	-0.70	33.00	10.72	25.80
PI401216	37.20	55.57	14.59	23.67	5.30	312.00	57.00	3.00	68.11	147.00	15.00	18.00	114.00	10.34	34.36	755.83	30.50	0.40	30.10	8.90	23.62
PI401217	37.20	55.57	14.59	23.67	5.30	312.00	57.00	3.00	68.11	147.00	15.00	18.00	114.00	10.34	34.36	755.83	30.50	0.40	30.10	8.90	23.62
PI401218	37.20	55.57	14.59	23.67	5.30	312.00	57.00	3.00	68.11	147.00	15.00	18.00	114.00	10.34	34.36	755.83	30.50	0.40	30.10	8.90	23.62
PI401219	37.20	55.57	14.59	23.67	5.30	312.00	57.00	3.00	68.11	147.00	15.00	18.00	114.00	10.34	34.36	755.83	30.50	0.40	30.10	8.90	23.62
PI401220	37.20	55.57	14.59	23.67	5.30	312.00	57.00	3.00	68.11	147.00	15.00	18.00	114.00	10.34	34.36	755.83	30.50	0.40	30.10	8.90	23.62
PI401221	37.36	56.20	11.92	22.53	1.03	278.00	50.00	5.00	65.23	129.00	18.00	22.00	97.00	12.52	35.36	870.99	30.50	-4.90	35.40	6.12	21.95
PI401222	37.36	56.20	11.92	22.53	1.03	278.00	50.00	5.00	65.23	129.00	18.00	22.00	97.00	12.52	35.36	870.99	30.50	-4.90	35.40	6.12	21.95
PI401223	37.36	56.20	11.92	22.53	1.03	278.00	50.00	5.00	65.23	129.00	18.00	22.00	97.00	12.52	35.36	870.99	30.50	-4.90	35.40	6.12	21.95
PI401225	36.99	55.06	16.17	25.05	7.42	379.00	65.00	5.00	60.80	166.00	19.00	29.00	137.00	9.37	32.64	730.17	31.30	2.60	28.70	10.38	24.77
PI401226	36.99	55.06	16.17	25.05	7.42	379.00	65.00	5.00	60.80	166.00	19.00	29.00	137.00	9.37	32.64	730.17	31.30	2.60	28.70	10.38	24.77
PI401227	36.99	55.06	16.17	25.05	7.42	379.00	65.00	5.00	60.80	166.00	19.00	29.00	137.00	9.37	32.64	730.17	31.30	2.60	28.70	10.38	24.77
PI401228	36.99	55.06	16.17	25.05	7.42	379.00	65.00	5.00	60.80	166.00	19.00	29.00	137.00	9.37	32.64	730.17	31.30	2.60	28.70	10.38	24.77
PI401230	36.99	55.06	16.17	25.05	7.42	379.00	65.00	5.00	60.80	166.00	19.00	29.00	137.00	9.37	32.64	730.17	31.30	2.60	28.70	10.38	24.77
PI401231	36.99	55.06	16.17	25.05	7.42	379.00	65.00	5.00	60.80	166.00	19.00	29.00	137.00	9.37	32.64	730.17	31.30	2.60	28.70	10.38	24.77
PI401232	36.22	51.30	9.05	20.37	-2.87	273.00	50.00	4.00	60.22	120.00	16.00	21.00	85.00	10.64	29.40	943.81	28.00	-8.20	36.20	8.10	19.93
PI401233	36.22	51.30	9.05	20.37	-2.87	273.00	50.00	4.00	60.22	120.00	16.00	21.00	85.00	10.64	29.40	943.81	28.00	-8.20	36.20	8.10	19.93
PI401234	36.22	51.30	9.05	20.37	-2.87	273.00	50.00	4.00	60.22	120.00	16.00	21.00	85.00	10.64	29.40	943.81	28.00	-8.20	36.20	8.10	19.93
PI401235	36.22	51.30	9.05	20.37	-2.87	273.00	50.00	4.00	60.22	120.00	16.00	21.00	85.00	10.64	29.40	943.81	28.00	-8.20	36.20	8.10	19.93
PI401236	36.22	51.30	9.05	20.37	-2.87	273.00	50.00	4.00	60.22	120.00	16.00	21.00	85.00	10.64	29.40	943.81	28.00	-8.20	36.20	8.10	19.93
PI401237	36.22	51.30	9.05	20.37	-2.87	273.00	50.00	4.00	60.22	120.00	16.00	21.00	85.00	10.64	29.40	943.81	28.00	-8.20	36.20	8.10	19.93
PI401238	36.22	51.30	9.05	20.37	-2.87	273.00	50.00	4.00	60.22	120.00	16.00	21.00	85.00	10.64	29.40	943.81	28.00	-8.20	36.20	8.10	19.93
PI401239	36.22	51.30	9.05	20.37	-2.87	273.00	50.00	4.00	60.22	120.00	16.00	21.00	85.00	10.64	29.40	943.81	28.00	-8.20	36.20	8.10	19.93
PI401240	36.22	51.30	9.05	20.37	-2.87	273.00	50.00	4.00	60.22	120.00	16.00	21.00	85.00	10.64	29.40	943.81	28.00	-8.20	36.20	8.10	19.93
PI401241	36.22	51.30	9.05	20.37	-2.87	273.00	50.00	4.00	60.22	120.00	16.00	21.00	85.00	10.64	29.40	943.81	28.00	-8.20	36.20	8.10	19.93
PI401242	35.98	52.05	2.95	14.97	-9.35	246.00	46.00	2.00	73.10	133.00	16.00	25.00	61.00	11.06	28.87	991.09	23.00	-15.30	38.30	1.63	14.45
PI401243	36.34	53.35	16.55	26.52	6.32	454.00	61.00	13.00	44.32	174.00	50.00	50.00	152.00	9.45	30.39	827.13	32.00	0.90	31.10	12.35	26.52
PI401244	38.39	47.64	9.73	19.73	-0.92	361.00	61.00	11.00	47.23	146.00	44.00	56.00	67.00	11.78	32.89	836.71	28.70	-7.10	35.80	9.07	19.42
PI440001	43.88	41.73	7.35	16.88	-2.87	710.00	112.00	22.00	51.78	297.00	75.00	294.00	75.00	12.82	37.37	800.87	24.60	-9.70	34.30	15.15	-2.87
PI440002	43.88	41.73	7.35	16.88	-2.87	710.00	112.00	22.00	51.78	297.00	75.00	294.00	75.00	12.82	37.37	800.87	24.60	-9.70	34.30	15.15	-2.87
PI440003	44.81	42.03	8.67	19.35	-2.22	546.00	90.00	20.00	45.47	220.00	69.00	211.00	70.00	9.12	27.79	879.61	25.80	-7.00	32.80	17.40	-1.33
PI440004	45.05	41.97	9.22	20.40	-2.03	552.00	86.00	23.00	39.64	213.00	75.00	200.00	81.00	9.02	26.86	914.83	27.00	-6.60	33.60	18.40	-1.17
PI440005	45.05	41.97	9.22	20.40	-2.03	552.00	86.00	23.00	39.64	213.00	75.00	200.00	81.00	9.02	26.86	914.83	27.00	-6.60	33.60	18.40	-1.17
PI440006	45.05	41.97	9.22	20.40	-2.03	552.00	86.00	23.00	39.64	213.00	75.00	200.00	81.00	9.02	26.86	914.83	27.00	-6.60	33.60	18.40	-1.17
PI440007	45.05	41.97	9.22	20.40	-2.03	552.00	86.00	23.00	39.64	213.00	75.00	200.00	81.00	9.02	26.86	914.83	27.00	-6.60	33.60	18.40	-1.17
PI440008	45.05	41.99	9.47	20.73	-1.88	553.00	86.00	24.00	38.49	211.00	77.00	198.00	84.00	9.15	26.99	921.90	27.50	-6.40	33.90	18.72	-0.98
PI440009	45.05	41.99	9.47	20.73	-1.88	553.00	86.00	24.00	38.49	211.00	77.00	198.00	84.00	9.15	26.99	921.90	27.50	-6.40	33.90	18.72	-0.98
PI440010	45.05	41.98	9.50	20.73	-1.83	548.00	84.00	23.00	38.02	208.00	76.00	194.00	83.00	9.05	26.78	920.01	27.40	-6.40	33.80	18.72	-0.93
PI440011	45.34	42.85	10.60	22.47	-1.20	456.00	71.00	21.00	38.16	173.00	69.00	167.00	74.00	9.98	28.10	964.01	30.20	-5.30	35.50	20.47	-0.12
PI440012	44.81	42.03	8.67	19.35	-2.22	546.00	90.00	20.00	45.47	220.00	69.00	211.00	70.00	9.12	27.79	879.61	25.80	-7.00	32.80	17.40	-1.33
PI440013	44.81	42.03	8.67	19.35	-2.22	546.00	90.00	20.00	45.47	220.00	69.00	211.00	70.00	9.12	27.79	879.61	25.80	-7.00	32.80	17.40	-1.33
PI440014	45.03	43.70	9.91	22.53	-2.50	430.00	65.00	19.00	37.56	162.00	63.00	160.00	68.00	10.04	27.07	1018.28	30.60	-6.50	37.10	20.12	-1.33
PI440015	45.08	43.04	9.73	21.57	-2.12	457.00	70.00	20.00	38.99	174.00	65.00	167.00	69.00	9.88	27.84	964.81	29.30	-6.20	35.50	19.45	-1.05
PI440016	45.08	43.04	9.73	21.57	-2.12	457.00	70.00	20.00	38.99	174.00	65.00	167.00	69.00	9.88	27.84	964.81	29.30	-6.20	35.50	19.45	-1.05
PI440017	45.08	43.04	9.73	21.57	-2.12	457.00	70.00	20.00	38.99	174.00	65.00	167.00	69.00	9.88	27.84	964.81	29.30	-6.20	35.50	19.45	-1.05
PI440018	45.08	43.04	9.73	21.57	-2.12	457.00	70.00	20.00	38.99	174.00	65.00	167.00	69.00	9.88	27.84	964.81	29.30	-6.20	35.50	19.45	-1.05
PI440019	44.78	45.52	11.21	24.32	-1.77	291.00	41.00	15.00	33.31	107.00	49.00	105.00	50.00	10.30	27.03	1057.94	32.30	-5.80	38.10	22.15	-0.57
PI440021	42.90	71.37	10.89	24.23	-2.32	310.00	48.00	5.00	47.67	122.00	24.00	37.00	83.00	12.85	30.24	1074.47	33.70	-8.80	42.50	11.03	22.53
PI440022	42.32	69.60	13.51	26.00	0.80	474.00	71.00	3.00	61.12	187.00	18.00	24.00	168.00	12.80	31.68	1011.02	34.80	-5.60	40.40	7.95	24.58
PI440023	42.35	69.67	13.09	25.52	0.32	492.00	75.00	4.00	60.29	194.00	21.00	26.00	168.00	12.89	31.75	1010.88	34.40	-6.20	40.60	13.45	24.28
PI440024	42.32	69.60	13.51	26.00	0.80	474.00	71.00	3.00	61.12	187.00	18.00	24.00	168.00	12.80	31.68	1011.02	34.80	-5.60	40.40	7.95	24.58
PI440025	42.32	69.60	13.51	26.00	0.80	474.00	71.00	3.00	61.12	187.00	18.00	24.00	168.00	12.80	31.68	1011.02	34.80	-5.60	40.40	7.95	24.58
PI440026	42.32	69.60	13.51	26.00	0.80	474.00	71.00	3.00	61.12	187.00	18.00	24.00	168.00	12.80	31.68	1011.02	34.80	-5.60	40.40	7.95	24.58
PI440027	44.70	41.90	10.35	21.33	-0.87	560.00	87.00	24.00	38.64	208.00	81.00	208.00	85.00	10.08	29.23	902.03	28.50	-6.00	34.50	21.33	0.27
PI440028	44.70	41.90	10.35	21.33	-0.87	560.00	87.00	24.00	38.64	208.00	81.00	208.00	85.00	10.08	29.23	902.03	28.50	-6.00	34.50	21.33	0.27
PI440029	45.02	41.03	10.74	21.65	-0.75	630.00	84.00	30.00	28.42	219.00	104.00	206.00	115.00	10.73	30.73	909.53	29.30	-5.60	34.90	19.65	0.63
PI440030	45.02	41.03	10.74	21.65	-0.75	630.00	84.00	30.00	28.42	219.00	104.00	206.00	115.00	10.73	30.73	909.53	29.30	-5.60	34.90	19.65	0.63
PI440031	45.02	41.03	10.74	21.65	-0.75	630.00	84.00	30.00	28.42	219.00	104.00	206.00	115.00	10.73	30.73	909.53	29.30	-5.60	34.90	19.65	0.63
PI440032	44.62	41.86	10.02	20.90	-1.30	566.00	89.00	23.00	41.77	216.00	79.00	216.00	80.00	10.73	30.73	902.22	28.20	-6.70	34.90	18.93	-0.05
PI440033	45.10	43.37	9.64	21.95	-2.45	444.00	67.00	19.00	37.64	167.00	64.00	163.00	68.00	9.90	27.12	993.06	29.90	-6.60	36.50	19.57	-1.33
PI440034	45.10	43.37	9.64	21.95	-2.45	444.00	67.00	19.00	37.64	167.00	64.00	163.00	68.00	9.90	27.12	993.06	29.90	-6.60	36.50	19.57	-1.33
PI440035	45.10	43.37	9.64	21.95	-2.45	444.00	67.00	19.00	37.64	167.00	64.00	163.00	68.00	9.90	27.12	993.06	29.90	-6.60	36.50	19.57	-1.33
PI440036	43.10	72.94	10.02	24.05	-4.95	293.00	41.00	8.00	40.83	110.00	32.00	50.00	69.00	13.47	29.40	1154.34	33.60	-12.20	45.80	10.97	22.17
PI440037	42.98	72.37	9.65	23.20	-4.38	275.00	42.00	7.00	44.16	109.00	30.00	47.00	61.00	13.09	29.89	1103.04	32.70	-11.10	43.80	10.08	21.45
PI440038	42.98	72.37	9.65	23.20	-4.38	275.00	42.00	7.00	44.16	109.00	30.00	47.00	61.00	13.09	29.89	1103.04	32.70	-11.10	43.80	10.08	21.45
PI440039	43.02	71.19	10.99	24.20	-2.32	297.00	46.00	4.00	49.21	115.00	21.00	30.00	84.00	12.75	30.21	1071.84	33.50	-8.70	42.20	11.23	22.65
PI440040	43.02	71.19	10.99	24.20	-2.32	297.00	46.00	4.00	49.21	115.00	21.00	30.00	84.00	12.75	30.21	1071.84	33.50	-8.70	42.20	11.23	22.65
PI440041	42.57	70.56	9.15	20.68	-2.70	588.00	88.00	9.00	52.20	229.00	40.00	52.00	178.00	12.43	32.44	953.84	29.90	-8.40	38.30	8.10	20.27
PI440042	42.57	70.56	9.15	20.68	-2.70	588.00	88.00	9.00	52.20	229.00	40.00	52.00	178.00	12.43	32.44	953.84	29.90	-8.40	38.30	8.10	20.27
PI440043	42.57	70.56	9.15	20.68	-2.70	588.00	88.00	9.00	52.20	229.00	40.00	52.00	178.00	12.43	32.44	953.84	29.90	-8.40	38.30	8.10	20.27
PI440044	42.57	70.56	9.15	20.68	-2.70	588.00	88.00	9.00	52.20	229.00	40.00	52.00	178.00	12.43	32.44	953.84	29.90	-8.40	38.30	8.10	20.27
PI440045	42.57	70.56	9.15	20.68	-2.70	588.00	88.00	9.00	52.20	229.00	40.00	52.00	178.00	12.43	32.44	953.84	29.90	-8.40	38.30	8.10	20.27
PI440046	42.45	69.14	13.75	27.43	-0.23	345.00	51.00	2.00	62.35	138.00	12.00	16.00	128.00	13.27	30.38	1110.79	36.90	-6.80	43.70	7.83	25.72
PI440047	42.23	68.29	13.85	28.35	-0.67	292.00	43.00	2.00	63.43	117.00	10.00	14.00	116.00	13.18	29.43	1172.51	38.00	-6.80	44.80	7.68	26.33
PI440048	42.23	68.29	13.85	28.35	-0.67	292.00	43.00	2.00	63.43	117.00	10.00	14.00	116.00	13.18	29.43	1172.51	38.00	-6.80	44.80	7.68	26.33
PI440049	42.23	68.29	13.85	28.35	-0.67	292.00	43.00	2.00	63.43	117.00	10.00	14.00	116.00	13.18	29.43	1172.51	38.00	-6.80	44.80	7.68	26.33
PI440050	42.23	68.29	13.85	28.35	-0.67	292.00	43.00	2.00	63.43	117.00	10.00	14.00	116.00	13.18	29.43	1172.51	38.00	-6.80	44.80	7.68	26.33
PI440051	42.23	68.29	13.85	28.35	-0.67	292.00	43.00	2.00	63.43	117.00	10.00	14.00	116.00	13.18	29.43	1172.51	38.00	-6.80	44.80	7.68	26.33
PI440052	42.23	68.29	13.85	28.35	-0.67	292.00	43.00	2.00	63.43	117.00	10.00	14.00	116.00	13.18	29.43	1172.51	38.00	-6.80	44.80	7.68	26.33
PI440053	42.23	68.29	13.85	28.35	-0.67	292.00	43.00	2.00	63.43	117.00	10.00	14.00	116.00	13.18	29.43	1172.51	38.00	-6.80	44.80	7.68	26.33
PI440054	42.23	68.29	13.85	28.35	-0.67	292.00	43.00	2.00	63.43	117.00	10.00	14.00	116.00	13.18	29.43	1172.51	38.00	-6.80	44.80	7.68	26.33
PI440055	42.23	68.29	13.85	28.35	-0.67	292.00	43.00	2.00	63.43	117.00	10.00	14.00	116.00	13.18	29.43	1172.51	38.00	-6.80	44.80	7.68	26.33
PI440056	41.27	68.12	14.56	28.07	1.03	329.00	49.00	2.00	65.59	135.00	10.00	13.00	132.00	12.87	30.78	1088.71	37.30	-4.50	41.80	8.52	25.98
PI440057	41.27	68.12	14.56	28.07	1.03	329.00	49.00	2.00	65.59	135.00	10.00	13.00	132.00	12.87	30.78	1088.71	37.30	-4.50	41.80	8.52	25.98
PI442637	38.41	27.15	17.24	26.33	8.98	692.00	138.00	4.00	81.60	359.00	19.00	19.00	359.00	9.79	34.48	712.33	33.00	4.60	28.40	8.98	26.33
PI486197	38.97	59.56	16.48	30.65	2.38	121.00	21.00	1.00	68.55	58.00	3.00	4.00	44.00	12.87	29.78	1138.89	39.60	-3.60	43.20	9.60	28.93
PI494618	46.00	25.00	7.05	16.70	-3.53	610.00	92.00	25.00	48.00	256.00	81.00	253.00	84.00	11.69	35.54	820.72	23.90	-9.00	32.90	15.28	-1.83
PI494686	44.18	28.65	11.91	21.88	2.23	417.00	47.00	25.00	18.83	119.00	82.00	115.00	82.00	7.63	26.29	803.85	27.20	-1.80	29.00	15.57	2.98
PI494687	43.80	28.58	NA	NA	NA	NA	NA	NA	NA	NA	NA	NA	NA	NA	NA	NA	NA	NA	NA	NA	NA
PI502351	46.31	44.26	9.75	23.37	-3.90	350.00	49.00	17.00	27.84	122.00	61.00	115.00	65.00	9.56	24.51	1111.87	31.00	-8.00	39.00	21.23	-2.78
PI502356	45.05	41.97	9.22	20.40	-2.03	552.00	86.00	23.00	39.64	213.00	75.00	200.00	81.00	9.02	26.86	914.83	27.00	-6.60	33.60	18.40	-1.17
PI531721	36.04	103.87	9.47	21.03	-3.57	356.00	78.00	4.00	84.34	196.00	14.00	190.00	14.00	11.91	30.07	996.45	28.30	-11.30	39.60	19.63	-3.57
PI531722	49.81	-97.14	2.88	19.10	-15.37	548.00	95.00	15.00	59.56	257.00	57.00	257.00	57.00	11.39	22.78	1396.10	26.70	-23.30	50.00	19.10	-15.37
PI531723	49.81	-97.14	2.88	19.10	-15.37	548.00	95.00	15.00	59.56	257.00	57.00	257.00	57.00	11.39	22.78	1396.10	26.70	-23.30	50.00	19.10	-15.37
PI531724	55.75	37.62	5.40	17.43	-6.60	716.00	93.00	35.00	31.58	257.00	115.00	257.00	133.00	7.53	22.42	980.07	23.30	-10.30	33.60	17.43	-0.57
PI531725	52.67	13.42	9.03	17.52	0.82	575.00	61.00	35.00	19.21	180.00	113.00	180.00	135.00	7.70	30.20	680.63	23.10	-2.40	25.50	17.52	4.38
PI531726	52.17	13.54	8.84	17.33	0.65	560.00	76.00	31.00	26.38	189.00	105.00	189.00	122.00	8.26	31.76	680.13	23.30	-2.70	26.00	17.33	4.22
PI547314	42.32	69.60	13.51	26.00	0.80	474.00	71.00	3.00	61.12	187.00	18.00	24.00	168.00	12.80	31.68	1011.02	34.80	-5.60	40.40	7.95	24.58
PI547315	60.09	23.91	4.85	15.28	-4.67	669.00	78.00	33.00	30.55	220.00	109.00	194.00	149.00	6.49	22.16	814.10	20.50	-8.80	29.30	10.33	3.25
PI547316	NA	NA	NA	NA	NA	NA	NA	NA	NA	NA	NA	NA	NA	NA	NA	NA	NA	NA	NA	NA	NA
PI547317	50.45	30.52	8.19	19.23	-2.97	632.00	89.00	36.00	32.41	232.00	114.00	232.00	124.00	7.77	24.73	912.71	24.70	-6.70	31.40	19.23	-1.88
PI547318	52.69	39.25	5.22	18.02	-7.85	565.00	78.00	29.00	30.22	202.00	95.00	202.00	107.00	8.71	23.28	1067.39	24.60	-12.80	37.40	18.02	-7.20
PI547319	60.00	100.00	-4.24	16.22	-25.95	378.00	62.00	11.00	48.82	159.00	40.00	159.00	50.00	11.28	19.32	1692.84	25.50	-32.90	58.40	16.22	-22.42
PI547333	35.00	105.00	6.33	16.67	-4.85	560.00	105.00	3.00	82.37	295.00	13.00	278.00	13.00	10.08	29.48	865.96	22.90	-11.30	34.20	15.48	-4.85
PI547334	51.10	17.03	9.16	18.20	0.40	571.00	89.00	24.00	43.83	237.00	82.00	237.00	85.00	9.17	32.39	726.69	24.70	-3.60	28.30	18.20	1.43
PI547335	50.74	15.74	2.52	10.47	-5.13	891.00	107.00	51.00	27.88	319.00	164.00	319.00	178.00	6.09	26.37	642.60	15.30	-7.80	23.10	10.47	-4.63
PI547336	43.67	6.72	12.54	19.82	6.13	844.00	118.00	22.00	34.74	298.00	117.00	140.00	237.00	8.73	35.91	568.74	25.90	1.60	24.30	9.63	19.80
PI547337	43.57	5.02	14.90	23.08	7.38	662.00	104.00	22.00	35.34	231.00	101.00	101.00	163.00	9.88	35.78	640.45	30.10	2.50	27.60	15.38	23.08
PI547338	43.00	2.75	13.47	20.77	7.05	645.00	80.00	19.00	29.51	209.00	98.00	98.00	190.00	8.20	34.45	567.02	26.80	3.00	23.80	10.48	20.77
PI565004	39.94	-1.07	10.76	19.68	3.23	450.00	62.00	24.00	30.82	157.00	79.00	107.00	85.00	13.52	41.36	675.47	29.90	-2.80	32.70	12.62	4.20
PI574518	NA	NA	NA	NA	NA	NA	NA	NA	NA	NA	NA	NA	NA	NA	NA	NA	NA	NA	NA	NA	NA
PI578689	NA	NA	NA	NA	NA	NA	NA	NA	NA	NA	NA	NA	NA	NA	NA	NA	NA	NA	NA	NA	NA
PI578695	NA	NA	NA	NA	NA	NA	NA	NA	NA	NA	NA	NA	NA	NA	NA	NA	NA	NA	NA	NA	NA
PI578699	NA	NA	NA	NA	NA	NA	NA	NA	NA	NA	NA	NA	NA	NA	NA	NA	NA	NA	NA	NA	NA
PI598480	47.41	28.37	9.40	19.72	-1.37	579.00	85.00	26.00	36.32	221.00	104.00	215.00	108.00	9.15	28.96	861.97	25.80	-5.80	31.60	18.23	-0.27
PI618797	48.13	60.27	5.80	23.45	-12.58	175.00	18.00	10.00	16.29	52.00	37.00	45.00	41.00	11.88	23.01	1481.64	32.40	-19.20	51.60	15.97	21.02
PI619581	38.92	68.25	-0.52	9.93	-10.05	527.00	75.00	14.00	43.58	217.00	69.00	105.00	129.00	6.03	20.52	839.19	15.30	-14.10	29.40	-2.47	6.23
PI634227	NA	NA	NA	NA	NA	NA	NA	NA	NA	NA	NA	NA	NA	NA	NA	NA	NA	NA	NA	NA	NA
PI634290	44.51	33.85	9.35	19.07	0.02	599.00	78.00	40.00	21.19	192.00	126.00	146.00	187.00	8.12	27.99	776.95	24.90	-4.10	29.00	1.78	8.32
Reliant	NA	NA	NA	NA	NA	NA	NA	NA	NA	NA	NA	NA	NA	NA	NA	NA	NA	NA	NA	NA	NA
Slate	NA	NA	NA	NA	NA	NA	NA	NA	NA	NA	NA	NA	NA	NA	NA	NA	NA	NA	NA	NA	NA
Tegmar	NA	NA	NA	NA	NA	NA	NA	NA	NA	NA	NA	NA	NA	NA	NA	NA	NA	NA	NA	NA	NA
Topar	NA	NA	NA	NA	NA	NA	NA	NA	NA	NA	NA	NA	NA	NA	NA	NA	NA	NA	NA	NA	NA
Trigo	NA	NA	NA	NA	NA	NA	NA	NA	NA	NA	NA	NA	NA	NA	NA	NA	NA	NA	NA	NA	NA